左图像:E:\车载系统\15年11月20日更换Odo和5相机后数据\20160113室内相对标定数据\相对标定-StereoCamera12\L-01-123742-1181.JPG的标定点信息
374
Ad10 304.25 2449.5 993.9106 1000.4825 103.8234
Ad09 490.25 2447.125 993.9123 1000.4843 103.4217
Ad08 675.5 2445.25 993.9122 1000.4854 103.0218
Ad07 859.625 2444 993.9131 1000.4866 102.6212
Ad06 1042.75 2443 993.913 1000.4876 102.2208
Ad05 1226.375 2441.875 993.9137 1000.4886 101.8207
Ad03 1591.375 2441.875 993.9144 1000.4903 101.0208
Ad02 1774.875 2443.125 993.9147 1000.491 100.6209
Ad01 1959.375 2445.875 993.9149 1000.4926 100.2215
Ae11 117.135 1995.596 993.6821 1001.4448 104.2275
Ae10 302.889 1996.3 993.6831 1001.4438 103.8272
Ae09 488.142 1997.164 993.6843 1001.4435 103.4274
Ae08 673.875 1997.625 993.6851 1001.4436 103.0273
Ae07 858.366 1998.824 993.6867 1001.4443 102.6266
Ae06 1043.275 1998.454 993.6876 1001.4453 102.2265
Ae05 1227.697 1998.011 993.6887 1001.4456 101.8264
Ae04 1411.278 1996.861 993.6898 1001.4466 101.4265
Ae03 1593.808 1996.043 993.6904 1001.4471 101.026
Ae02 1776 1994.75 993.6922 1001.4486 100.6266
Ae01 1958.375 1994.125 993.6933 1001.4508 100.226
Af11 107.32 1067.472 993.2358 1003.3949 104.2383
Af10 293.65 1067.552 993.2368 1003.3956 103.8382
Af09 480.317 1067.805 993.2375 1003.3967 103.4379
Af08 667.75 1067.75 993.2389 1003.3973 103.0377
Af07 856.049 1068.309 993.239 1003.3981 102.6378
Af06 1043.872 1069.203 993.2396 1003.3984 102.2375
Af05 1230.875 1070 993.2396 1003.3989 101.8371
Af04 1417 1071.375 993.2393 1003.3992 101.4371
Af03 1601.847 1072.531 993.2388 1003.3999 101.0373
Af02 1784.851 1074.44 993.2382 1003.4001 100.6371
Af01 1967.376 1075.406 993.238 1003.4001 100.2372
Ag11 107.464 591.902 993.0091 1004.3822 104.2358
Ag10 295.75 592.25 993.0103 1004.3837 103.8351
Ag09 483.61 592.533 993.0116 1004.3843 103.4349
Ag08 671.219 592.903 993.0126 1004.3844 103.0349
Ag07 859.377 594.008 993.014 1004.3846 102.6348
Ag06 1047.326 595.783 993.0158 1004.3835 102.2346
Ag05 1234.871 598.416 993.0175 1004.3828 101.8348
Ag04 1421.137 601.557 993.0188 1004.3824 101.4349
Ag03 1606.683 604.062 993.0207 1004.3809 101.0347
Ag02 1791.178 607.874 993.023 1004.3802 100.6343
Ag01 1976.138 610.174 993.0252 1004.3784 100.235
Ah11 99.625 124.875 992.789 1005.3377 104.2361
Ah07 860.621 142.338 992.7925 1005.3378 102.6351
Ah06 1048.743 145.266 992.7939 1005.3382 102.2348
Ah05 1236 147.5 992.7946 1005.3396 101.8347
Ah04 1422.845 151.451 992.7956 1005.3405 101.4349
Ah03 1609.199 153.476 992.7971 1005.3418 101.035
Ah02 1796.087 155.573 992.7978 1005.3429 100.6348
Bd12 24.905 2056.717 992.8226 1000.7389 104.8194
Bd11 181.512 2056.76 992.8255 1000.7376 104.4188
Bd10 336.702 2057.44 992.8275 1000.7368 104.0188
Bd09 492.055 2058.316 992.8304 1000.7372 103.6187
Bd08 647 2058.25 992.8313 1000.7368 103.2194
Bd07 801.749 2059.675 992.8341 1000.7364 102.8186
Bd06 956.405 2059.913 992.8357 1000.7358 102.4185
Bd05 1110.949 2060.617 992.8368 1000.7351 102.0185
Bd04 1265.679 2060.194 992.8387 1000.7367 101.6187
Bd03 1419.125 2059 992.8404 1000.7366 101.218
Bd02 1572.301 2058.576 992.8415 1000.7365 100.8181
Bd01 1724.551 2058.206 992.8425 1000.7364 100.418
Be12 18.615 1666.039 992.592 1001.718 104.838
Be11 173.631 1665.712 992.593 1001.718 104.438
Be10 328.524 1665.97 992.594 1001.717 104.038
Be09 483.875 1666.75 992.597 1001.717 103.637
Be08 640.25 1667 992.597 1001.717 103.238
Be07 795.863 1667.782 992.598 1001.717 102.838
Be06 951.814 1669.029 992.6 1001.716 102.438
Be04 1264.199 1670.388 992.602 1001.716 101.637
Be03 1419.322 1671.414 992.604 1001.716 101.236
Be02 1572.952 1672.26 992.605 1001.715 100.837
Be01 1725.5 1672.375 992.606 1001.715 100.436
Bf12 14.374 1281.153 992.3716 1002.6873 104.8435
Bf11 170.625 1280.375 992.3723 1002.6881 104.4422
Bf10 326.625 1280.625 992.3731 1002.6895 104.0421
Bf09 482.174 1280.444 992.3749 1002.6906 103.6414
Bf08 638.683 1280.296 992.3747 1002.6903 103.2418
Bf07 795.471 1280.266 992.3756 1002.6903 102.8417
Bf06 952.151 1280.002 992.3755 1002.6907 102.4419
Bf05 1109.125 1280.375 992.3777 1002.6902 102.0417
Bf04 1264.948 1279.913 992.3788 1002.6902 101.6411
Bf03 1421 1279.5 992.3793 1002.6902 101.2411
Bf02 1575.25 1279.875 992.3803 1002.6895 100.8411
Bf01 1728.375 1279.75 992.3812 1002.6892 100.4404
Bg12 12.875 892.75 992.153 1003.6545 104.8409
Bg11 169.428 893.326 992.1552 1003.6538 104.4411
Bg10 326.188 894.123 992.1574 1003.6522 104.04
Bg09 482.875 894.125 992.1579 1003.6518 103.6399
Bg08 639.776 894.899 992.1593 1003.6522 103.2401
Bg07 797.072 895.221 992.1596 1003.653 102.8398
Bg06 954.862 895.672 992.1596 1003.6541 102.4391
Bg05 1111.742 896.039 992.1603 1003.6563 102.039
Bg04 1268.47 896.666 992.1602 1003.6581 101.639
Bg03 1424.293 897.516 992.1596 1003.66 101.2391
Bg02 1579.407 898.383 992.1591 1003.6615 100.8384
Bg01 1733.539 899.226 992.1593 1003.6643 100.4386
Ah09 484 136.125 992.7907 1005.3378 103.4353
Bh12 12.069 496.286 991.9272 1004.6326 104.8359
Bh11 170.875 497 991.9262 1004.6342 104.4358
Bh10 329.375 498 991.9267 1004.6341 104.0359
Bh09 486.5 499 991.9265 1004.6359 103.6356
Bh08 643.26 498.621 991.9273 1004.6366 103.2352
Bh07 801.125 499 991.9281 1004.6377 102.8355
Bh06 957.899 499.927 991.9282 1004.6386 102.4351
Bh05 1114.943 501.097 991.9299 1004.6395 102.0352
Bh04 1271.75 502.5 991.9303 1004.641 101.635
Bh03 1427.375 504.75 991.9313 1004.6412 101.2344
Bh02 1582.75 506.5 991.9318 1004.6426 100.8349
Bh01 1738.25 508 991.9346 1004.6431 100.4352
Bi11 165.125 97 991.7107 1005.6009 104.433
Bi09 485.625 103.125 991.7131 1005.6004 103.6328
Bi07 801.625 104.5 991.7141 1005.606 102.8333
Bi06 960.5 106.125 991.7152 1005.6039 102.4325
Bi05 1114.371 107.994 991.7149 1005.606 102.0381
Bi04 1273.75 108.125 991.7142 1005.6097 101.6323
Bi03 1430.875 110.625 991.7125 1005.6127 101.2324
Bi02 1586.5 112.117 991.7114 1005.6143 100.8326
Bi01 1742.5 112.25 991.7095 1005.618 100.4325
Cd13 88.5 2103.125 991.9567 1000.0207 105.0368
Cd12 222.125 2101.5 991.9581 1000.0236 104.6363
Cd11 355.625 2100.5 991.9595 1000.0257 104.2369
Cd10 488.625 2100.875 991.9615 1000.0277 103.8364
Cd09 621.756 2100.734 991.9632 1000.0297 103.4369
Cd08 754.375 2100.848 991.9657 1000.0305 103.0362
Cd07 887.792 2100.866 991.9675 1000.0314 102.636
Cd06 1020.75 2101 991.9691 1000.0321 102.2359
Cd05 1152.706 2101.093 991.9702 1000.0322 101.836
Cd04 1285.375 2100.75 991.9722 1000.0316 101.4354
Cd03 1417.125 2100.875 991.9733 1000.0307 101.0354
Cd02 1548.75 2100.875 991.9746 1000.0303 100.635
Cd01 1679.875 2100.625 991.9759 1000.0294 100.2354
Cf13 81.375 1436.5 991.508 1001.976 105.049
Cf12 214.5 1437.375 991.511 1001.976 104.649
Cf11 348.375 1438.125 991.513 1001.977 104.25
Cf10 481.875 1438.75 991.517 1001.979 103.849
Cf09 616.789 1439.206 991.519 1001.98 103.449
Cf08 751.125 1439.25 991.521 1001.981 103.048
Cf07 885.75 1440.25 991.523 1001.982 102.649
Cf05 1155.125 1441 991.526 1001.982 101.848
Cf04 1288.875 1441.375 991.527 1001.982 101.448
Cf03 1423 1442.125 991.528 1001.981 101.047
Cf02 1555.394 1441.631 991.529 1001.982 100.647
Cf01 1687.406 1442.15 991.529 1001.982 100.248
Cg13 79.125 1104 991.2854 1002.9411 105.0503
Cg12 213.875 1104.125 991.2854 1002.9414 104.6493
Cg11 347.093 1104.337 991.2858 1002.942 104.2504
Cg10 481.875 1104.75 991.2862 1002.943 103.8501
Cg09 616.062 1104.844 991.2878 1002.944 103.4496
Cg08 751.261 1105.085 991.2892 1002.9448 103.0495
Cg07 886.375 1105.125 991.2894 1002.9462 102.6494
Cg06 1021.75 1105.375 991.2906 1002.9474 102.2494
Cg05 1155.95 1105.725 991.292 1002.9492 101.8494
Cg04 1291.125 1106.5 991.2933 1002.951 101.4494
Cg03 1423.883 1106.566 991.2948 1002.9523 101.0493
Cg02 1557.375 1106.875 991.2969 1002.9548 100.6487
Cg01 1689.875 1107.5 991.2992 1002.9562 100.2487
Ch13 80.5 762.75 991.066 1003.9282 105.0397
Ch12 215.622 762.114 991.0659 1003.9303 104.6397
Ch11 350.294 761.901 991.0668 1003.9341 104.2401
Ch10 485.25 762.625 991.0676 1003.9323 103.8399
Ch09 620.307 762.023 991.0689 1003.9331 103.4395
Ch08 755.43 762.761 991.0699 1003.9329 103.0394
Ch07 890.952 763.704 991.0712 1003.9323 102.639
Ch06 1026.02 764.743 991.0723 1003.932 102.2392
Ch05 1160.875 767.125 991.0738 1003.9308 101.8387
Ch04 1295.625 768.5 991.075 1003.9291 101.4393
Ch03 1429.19 770.501 991.0768 1003.9271 101.0387
Ch02 1562.804 772.673 991.0785 1003.9259 100.6386
Ch01 1695.875 775 991.0796 1003.924 100.2385
Ci13 80.004 425.47 990.8456 1004.893 105.0347
Ci11 352.125 429.125 990.8492 1004.8923 104.2352
Ci10 487.5 430 990.8508 1004.8913 103.8347
Ci09 622.75 430.375 990.8518 1004.8915 103.4346
Ci08 758.625 430.75 990.8534 1004.8918 103.0347
Ci07 893.5 431.25 990.8548 1004.8922 102.6347
Ci06 1028.5 432.875 990.8558 1004.8935 102.2347
Ci05 1163.875 433.25 990.858 1004.8949 101.8346
Ci04 1298.625 434.625 990.8575 1004.8966 101.434
Ci02 1565.899 437.008 990.8601 1004.9009 100.6339
Ci01 1698.75 438.375 990.8608 1004.903 100.234
Dc12 256.625 2130.25 991.0961 999.3318 104.8384
Dc11 373.23 2129.491 991.0948 999.3333 104.4381
Dc10 490.25 2129.625 991.0939 999.3342 104.0382
Dc08 723.431 2129.58 991.0935 999.3333 103.2381
Dc07 839.75 2130.5 991.0943 999.3322 102.838
Dc06 956.375 2130.875 991.0951 999.331 102.4371
Dc05 1072.625 2130.625 991.0949 999.3291 102.0374
Eb14 177.25 2161.625 990.2354 998.6044 105.4442
Eb13 281.5 2160.75 990.2348 998.6072 105.044
Eb12 385.75 2160.875 990.2342 998.609 104.644
Eb11 489.738 2159.605 990.2334 998.6118 104.244
Eb10 593.526 2160.27 990.2334 998.6126 103.8444
Eb09 697.625 2159.75 990.233 998.6134 103.444
Eb08 800.75 2160 990.2328 998.614 103.0454
Dd12 254.375 1841.875 990.8722 1000.3016 104.8384
Dd11 371.5 1841.875 990.873 1000.303 104.4384
Dd10 488.438 1842.834 990.874 1000.303 104.0378
Dd09 605 1843.75 990.8752 1000.303 103.6374
Dd08 722.5 1844.75 990.8766 1000.3022 103.238
Dd07 839.75 1845.125 990.8772 1000.3012 102.8376
Dd06 956.837 1845.991 990.8788 1000.3002 102.4372
Dd05 1073.588 1846.492 990.8798 1000.2982 102.0372
Dd04 1190.634 1846.997 990.8812 1000.2964 101.6376
Dd03 1306.625 1848.625 990.8816 1000.2936 101.2374
Dd02 1422.875 1848.5 990.882 1000.2914 100.8372
Dd01 1538.875 1849 990.884 1000.2892 100.4376
Ce13 84.25 1769.75 991.7358 1001.0038 105.043
Ce12 218 1769.25 991.7384 1001.008 104.6436
Ce11 350.625 1769.875 991.7404 1001.01 104.2438
Ce10 483.625 1770.125 991.7426 1001.0118 103.8436
Ce09 617.896 1770.447 991.744 1001.0128 103.4436
Ce08 751.375 1770.75 991.7456 1001.0136 103.0438
Ce07 885.75 1771.625 991.7472 1001.014 102.6438
Ce06 1019.25 1772.75 991.7478 1001.0138 102.2432
Ce05 1153.375 1772.75 991.749 1001.0122 101.843
Ce04 1286.625 1772.375 991.7496 1001.0112 101.4432
Ce03 1418.9 1772.387 991.7496 1001.0094 101.043
Ce02 1551.017 1772.648 991.7504 1001.007 100.6428
Ce01 1682.5 1772.5 991.75 1001.0052 100.2436
De12 251.75 1553.25 990.6493 1001.2682 104.8415
De11 368.769 1553.917 990.6506 1001.2686 104.4414
De10 486.625 1554.625 990.6523 1001.2684 104.0416
De08 721.625 1556.5 990.6543 1001.2681 103.2406
De07 839.25 1557 990.6559 1001.268 102.8404
De04 1192.625 1558 990.6576 1001.2682 101.6404
De03 1309.875 1557.625 990.6578 1001.2684 101.2403
De02 1426.5 1558 990.6582 1001.2676 100.8402
De01 1542.25 1557.875 990.6587 1001.268 100.4404
Df12 250.375 1258.875 990.421 1002.243 104.844
Df11 367.625 1259.875 990.422 1002.243 104.444
Df10 485.75 1259.75 990.422 1002.243 104.044
Df09 603.5 1260.375 990.423 1002.244 103.644
Df08 721.5 1260.875 990.423 1002.244 103.244
Df07 839.75 1260.75 990.424 1002.245 102.844
Df06 958 1261.375 990.425 1002.245 102.443
Df05 1076.875 1262.75 990.427 1002.243 102.043
Df04 1194.5 1262.875 990.428 1002.245 101.643
Df03 1312.125 1263.75 990.431 1002.245 101.243
Df01 1545.125 1265 990.435 1002.244 100.443
Dg12 250.625 966.5 990.2107 1003.209 104.8389
Dg11 368.25 967.25 990.2134 1003.2074 104.4389
Dg10 486.75 967.75 990.2143 1003.2041 104.0387
Dg09 604.875 968.875 990.2155 1003.2056 103.6385
Dg08 723.125 969.25 990.2167 1003.2058 103.2385
Dg07 842.25 969.5 990.2169 1003.2063 102.8383
Dg06 961.062 969.742 990.218 1003.2064 102.4376
Dg05 1078.875 970.625 990.2181 1003.2069 102.0379
Dg04 1196.875 970.625 990.2171 1003.2082 101.6383
Dg03 1314.75 971.75 990.2171 1003.2098 101.2376
Dg02 1432.75 972.25 990.2163 1003.211 100.8382
Dg01 1548.634 972.886 990.2154 1003.2121 100.4387
Dh12 252.25 668 989.9927 1004.1907 104.8309
Dh11 370.487 668.171 989.9941 1004.1913 104.4312
Dh10 489.089 668.735 989.9951 1004.1915 104.031
Dh08 726.75 668.875 989.9965 1004.1912 103.2305
Dh07 845.25 670.5 989.9973 1004.191 102.8303
Dh06 964.875 671.375 989.9989 1004.1916 102.43
Dh05 1083.075 671.404 989.9989 1004.1918 102.0303
Dh04 1200.875 672.875 989.9991 1004.1925 101.6294
Dh03 1318.875 673.75 990.0003 1004.1929 101.2288
Dh02 1436.375 675 990.0014 1004.1945 100.83
Dh01 1553.33 677.156 990.0028 1004.1932 100.4296
Di11 368.11 369.574 989.7713 1005.1722 104.4409
Di10 486.625 370.125 989.7723 1005.1738 104.0406
Di09 605.5 370.25 989.773 1005.1741 103.6408
Di08 724.424 371.038 989.7739 1005.1751 103.2403
Di07 843.026 371.793 989.7752 1005.1751 102.84
Di06 961.885 372.935 989.7754 1005.1752 102.4398
Di05 1080.625 374.5 989.7767 1005.1748 102.0396
Di04 1198.75 375.25 989.7765 1005.1748 101.6401
Di03 1316.75 376.625 989.7766 1005.175 101.2396
Di02 1434.375 379.25 989.7768 1005.1749 100.8403
Di01 1551.27 380.12 989.7766 1005.1749 100.4402
Cj09 621.375 87.125 990.626 1005.876 103.439
Cj08 758 88.875 990.627 1005.876 103.039
Cj07 893.25 90.75 990.627 1005.877 102.639
Cj06 1028.75 91.75 990.628 1005.877 102.238
Cj05 1163.125 93.375 990.629 1005.878 101.839
Cj04 1298.125 94.75 990.63 1005.878 101.438
Cj01 1702.5 98.75 990.634 1005.878 100.239
Ec14 176 1904.375 990.012 999.5748 105.4452
Ec13 279.764 1903.863 990.0132 999.5774 105.0456
Ec12 384.125 1904 990.0122 999.5798 104.6454
Ec11 488.5 1904.375 990.0126 999.5806 104.2458
Ec10 592.125 1904.125 990.0118 999.583 103.8458
Ec09 696.375 1904.25 990.0124 999.5842 103.4458
Ec08 800.5 1903.75 990.0118 999.5854 103.0454
Ec07 904.625 1904 990.0128 999.5872 102.6448
Ec06 1008.289 1905.15 990.013 999.5872 102.245
Ec05 1112.25 1904.25 990.0132 999.5872 101.8448
Ec04 1216 1903.375 990.0124 999.5878 101.4448
Ec03 1319.5 1902.375 990.0124 999.5878 101.0448
Ec02 1422.625 1902.75 990.0122 999.5878 100.6454
Ec01 1525.25 1902.375 990.0124 999.5864 100.245
Ed14 173.875 1644.625 989.7879 1000.5503 105.4508
Ed13 277.625 1646.625 989.7897 1000.5493 105.0502
Ed12 381.722 1646.832 989.79 1000.5492 104.6501
Ed10 590.375 1648.625 989.7917 1000.5493 103.8501
Ed09 695.25 1648.625 989.7918 1000.5493 103.4494
Ed07 904.25 1650.25 989.7931 1000.5501 102.649
Ed04 1217.792 1648.844 989.7923 1000.5523 101.4494
Ed03 1321.918 1648.691 989.7924 1000.5541 101.0493
Ed02 1425.375 1648.25 989.7911 1000.5551 100.6489
Ed01 1528.875 1648.5 989.7916 1000.5549 100.2493
Ee14 171.625 1384.75 989.5665 1001.5253 105.446
Ee13 277 1385.75 989.5671 1001.5236 105.0461
Ee12 381.625 1386.375 989.5678 1001.5241 104.6463
Ee11 485.75 1386.875 989.5684 1001.5233 104.2463
Ee10 590.625 1386.75 989.57 1001.5231 103.8458
Ee08 800.75 1388.125 989.5712 1001.5253 103.0458
Ee07 906.5 1388.25 989.5729 1001.5244 102.6451
Ee05 1116.5 1388.375 989.5742 1001.527 101.8447
Ee04 1220.75 1388.625 989.5746 1001.5279 101.4449
Ee03 1325.75 1388.75 989.5748 1001.5292 101.0452
Ee02 1429.5 1388.75 989.5759 1001.5303 100.6455
Ee01 1532.963 1388.599 989.5763 1001.5301 100.2447
Ef14 171.875 1120.875 989.344 1002.505 105.444
Ef13 276.375 1121.625 989.345 1002.505 105.044
Ef12 381.375 1121.375 989.347 1002.505 104.644
Ef10 591.25 1122.625 989.347 1002.503 103.844
Ef09 697.125 1123.75 989.347 1002.501 103.444
Ef08 802.75 1123.625 989.346 1002.501 103.043
Ef07 908.25 1124.75 989.346 1002.501 102.643
Ef06 1014.25 1125.375 989.345 1002.499 102.242
Ef05 1118.875 1126 989.344 1002.5 101.842
Ef04 1224.125 1126.625 989.343 1002.499 101.442
Ef03 1329.125 1127.5 989.342 1002.498 101.042
Ef02 1433.25 1128.125 989.34 1002.501 100.643
Ef01 1536.875 1130 989.34 1002.496 100.242
Eg14 171.834 856.152 989.1244 1003.4832 105.4399
Eg12 382.75 858.125 989.1189 1003.4782 104.639
Eg11 488.5 859.5 989.1179 1003.4755 104.2394
Eg10 593.125 859.75 989.1163 1003.4735 103.8393
Eg08 804.75 861.5 989.1159 1003.4712 103.0383
Eg07 910.5 862.25 989.1171 1003.4701 102.6387
Eg06 1015.75 863.125 989.1169 1003.4704 102.2386
Eg05 1121.125 863.875 989.1179 1003.4702 101.839
Eg04 1225.781 865.315 989.1193 1003.4707 101.4387
Eg03 1330.125 867.25 989.1203 1003.472 101.039
Eg02 1434.125 868.25 989.1216 1003.4732 100.6385
Eg01 1538.5 868.625 989.1225 1003.4742 100.2382
Ei12 383.5 330.125 988.6839 1005.4262 104.6383
Ei11 489.148 331.816 988.6834 1005.4226 104.2384
Ei10 595.125 333.375 988.6837 1005.4215 103.8383
Ei09 700.625 335 988.6837 1005.4182 103.4375
Ei07 912.433 336.119 988.6847 1005.4179 102.6367
Ei06 1017.436 338.112 988.686 1005.4149 102.2367
Ei05 1122.814 340.092 988.6863 1005.4142 101.8368
Ei04 1228.125 341.75 988.6885 1005.4129 101.4368
Ei03 1332.75 342.5 988.6898 1005.4133 101.0369
Ei02 1437.5 344 988.6906 1005.4129 100.637
Ei01 1542.75 346.375 988.6927 1005.4117 100.2365
Eb07 904.086 2159.101 990.2324 998.6141 102.6453
Eb06 1007.375 2158.875 990.2333 998.613 102.2445
Eb05 1111 2160 990.2332 998.6119 101.8445
Eb04 1213.375 2159.375 990.2345 998.6125 101.4444
Eb02 1419.875 2159 990.2374 998.6083 100.6445
Eb01 1522.321 2158.429 990.2394 998.6055 100.2453
Ee06 1010.875 1389.125 989.5731 1001.5263 102.2452
Eg13 277.616 857.463 989.1212 1003.4802 105.0393
Ei13 276.877 328.267 988.6845 1005.4265 105.0378
Ei14 170.214 326 988.6851 1005.4306 105.4382
Di12 248.359 368.611 989.7707 1005.1712 104.8406
Dh09 607.625 669.375 989.9949 1004.1909 103.6307
De09 603.769 1555.418 990.6533 1001.2681 103.6405
Cj13 70.345 74.958 990.625 1005.874 105.039
Cj12 210.18 79.356 990.624 1005.874 104.64
Ci12 216.25 427.125 990.8481 1004.8921 104.6346
Ci03 1432 436 990.8594 1004.8983 101.034
Dc04 1188.375 2131.5 991.0961 999.3278 101.638
Dc01 1533.992 2130.817 991.0975 999.3202 100.4376
Ah10 293.25 132 992.7895 1005.338 103.8361
Ah08 672 139.375 992.7914 1005.338 103.0353
Ah01 1983.826 154.46 992.7996 1005.3445 100.2348
