解算X	解算Y	原始X	原始Y	误差X	误差Y
302.56	2452.12	304.25	2449.5	1.69036	-2.61584
489.016	2451.25	490.25	2447.13	1.23374	-4.1261
674.404	2450.06	675.5	2445.25	1.09569	-4.80552
859.614	2449.16	859.625	2444	0.0114492	-5.16048
1044.31	2448.01	1042.75	2443	-1.55964	-5.00852
1228.43	2447.13	1226.38	2441.88	-2.05136	-5.25432
1595.17	2445.26	1591.38	2441.88	-3.79593	-3.38422
1777.84	2444.37	1774.88	2443.13	-2.96494	-1.24411
1959.86	2443.1	1959.38	2445.88	-0.482955	2.77516
113.776	1996.86	117.135	1995.6	3.35884	-1.26778
300.696	1997.4	302.889	1996.3	2.1934	-1.10271
486.903	1997.7	488.142	1997.16	1.23936	-0.537958
672.85	1997.73	673.875	1997.63	1.0249	-0.108425
858.618	1997.72	858.366	1998.82	-0.251801	1.10369
1043.73	1997.41	1043.28	1998.45	-0.455621	1.04794
1228.43	1997.43	1227.7	1998.01	-0.734635	0.579532
1412.65	1997.17	1411.28	1996.86	-1.36975	-0.307937
1596.67	1996.99	1593.81	1996.04	-2.86347	-0.942802
1779.97	1996.7	1776	1994.75	-3.97289	-1.94604
1963.39	1995.94	1958.38	1994.13	-5.01799	-1.81776
104.868	1066.35	107.32	1067.47	2.45245	1.12555
293.305	1067.23	293.65	1067.55	0.345119	0.326932
481.433	1067.89	480.317	1067.81	-1.11597	-0.0883456
669.043	1068.85	667.75	1067.75	-1.29336	-1.09692
856.15	1069.6	856.049	1068.31	-0.100784	-1.29148
1042.97	1070.62	1043.87	1069.2	0.905802	-1.42065
1229.35	1071.5	1230.88	1070	1.52403	-1.50418
1415.03	1072.45	1417	1071.38	1.96856	-1.07374
1600.1	1073.19	1601.85	1072.53	1.74952	-0.659715
1784.8	1074.15	1784.85	1074.44	0.0536602	0.287697
1968.89	1075.23	1967.38	1075.41	-1.51785	0.171896
104.199	588.97	107.464	591.902	3.26458	2.93161
293.686	590.002	295.75	592.25	2.06383	2.24798
482.549	591.466	483.61	592.533	1.06145	1.06656
670.935	593.173	671.219	592.903	0.283607	-0.26976
858.925	594.823	859.377	594.008	0.451771	-0.8154
1046.56	597.098	1047.33	595.783	0.7685	-1.31491
1233.61	599.173	1234.87	598.416	1.26385	-0.756957
1420.28	601.102	1421.14	601.557	0.854376	0.45491
1606.72	603.555	1606.68	604.062	-0.0344341	0.506856
1792.95	605.615	1791.18	607.874	-1.76817	2.25888
1978.24	608.197	1976.14	610.174	-2.10447	1.97674
102.371	123.066	99.625	124.875	-2.74582	1.80935
860.217	132.285	860.621	142.338	0.403859	10.0528
1048.59	134.335	1048.74	145.266	0.153572	10.9309
1236.45	135.938	1236	147.5	-0.446875	11.5615
1423.75	137.761	1422.85	151.451	-0.901311	13.6895
1610.75	139.33	1609.2	153.476	-1.54924	14.1456
1797.38	141.075	1796.09	155.573	-1.2973	14.4976
22.6088	2058.52	24.905	2056.72	2.29617	-1.8056
179.227	2059.44	181.512	2056.76	2.28467	-2.68017
335.467	2059.98	336.702	2057.44	1.23482	-2.54348
491.395	2060.31	492.055	2058.32	0.660146	-1.99791
646.925	2060.47	647	2058.25	0.0754675	-2.22308
802.677	2061.05	801.749	2059.68	-0.927666	-1.37983
957.946	2061.44	956.405	2059.91	-1.54078	-1.52425
1112.89	2061.74	1110.95	2060.62	-1.94102	-1.12496
1267.52	2061.44	1265.68	2060.19	-1.84423	-1.2424
1422.23	2061.67	1419.13	2059	-3.10026	-2.66832
1576.3	2061.77	1572.3	2058.58	-3.99961	-3.19092
1730.15	2061.84	1724.55	2058.21	-5.60015	-3.63705
14.3529	1668.25	18.615	1666.04	4.26205	-2.20654
171.369	1668.67	173.631	1665.71	2.26201	-2.955
328.107	1669.45	328.524	1665.97	0.416703	-3.47836
484.748	1670.19	483.875	1666.75	-0.873016	-3.44277
640.566	1670.45	640.25	1667	-0.316039	-3.44855
796.397	1670.87	795.863	1667.78	-0.534093	-3.08434
951.924	1671.8	951.814	1669.03	-0.110396	-2.77555
1262.52	1672.64	1264.2	1670.39	1.6795	-2.24785
1417.63	1673.21	1419.32	1671.41	1.68932	-1.79836
1571.61	1673.98	1572.95	1672.26	1.3433	-1.7229
1726.08	1674.4	1725.5	1672.38	-0.57975	-2.02064
10.0129	1280.61	14.374	1281.15	4.3611	0.545053
168.173	1281.08	170.625	1280.38	2.45241	-0.700276
325.524	1281.32	326.625	1280.63	1.10129	-0.698138
482.741	1281.79	482.174	1280.44	-0.566778	-1.34202
639.402	1282.57	638.683	1280.3	-0.718629	-2.27544
795.859	1283.35	795.471	1280.27	-0.388433	-3.0884
951.899	1283.88	952.151	1280	0.252107	-3.88158
1107.79	1284.98	1109.13	1280.38	1.33982	-4.60834
1263.54	1285.78	1264.95	1279.91	1.41065	-5.86982
1418.72	1286.52	1421	1279.5	2.27887	-7.01891
1573.61	1287.57	1575.25	1279.88	1.63794	-7.69132
1728.47	1288.45	1728.38	1279.75	-0.0936559	-8.70308
8.64941	890.853	12.875	892.75	4.22559	1.89741
166.718	892.356	169.428	893.326	2.71024	0.970006
325.067	894.216	326.188	894.123	1.12123	-0.0930828
482.866	895.528	482.875	894.125	0.00861522	-1.40337
640.154	896.558	639.776	894.899	-0.377962	-1.65917
797.388	897.386	797.072	895.221	-0.31639	-2.16458
954.452	898.082	954.862	895.672	0.410083	-2.4103
1110.96	898.372	1111.74	896.039	0.778694	-2.33322
1267.1	898.786	1268.47	896.666	1.36512	-2.11983
1422.84	899.139	1424.29	897.516	1.45115	-1.62281
1578.53	899.654	1579.41	898.383	0.873095	-1.27084
1733.65	899.685	1733.54	899.226	-0.107831	-0.459341
482.34	127.668	484	136.125	1.65984	8.45744
8.94019	493.559	12.069	496.286	3.12881	2.72655
168.009	494.518	170.875	497	2.8663	2.48247
326.493	496.138	329.375	498	2.88219	1.86226
484.821	496.99	486.5	499	1.67898	2.00962
642.803	498.271	643.26	498.621	0.457288	0.350286
800.199	499.382	801.125	499	0.926232	-0.381524
957.571	500.591	957.899	499.927	0.327748	-0.663836
1114.44	501.76	1114.94	501.097	0.499709	-0.662764
1271.12	502.711	1271.75	502.5	0.626521	-0.211184
1427.66	504.181	1427.38	504.75	-0.287961	0.569359
1583.46	505.164	1582.75	506.5	-0.707071	1.3363
1739.27	506.463	1738.25	508	-1.01911	1.53678
166.98	99.002	165.125	97	-1.85479	-2.002
485.125	103.102	485.625	103.125	0.499528	0.0226769
801.788	104.689	801.625	104.5	-0.162661	-0.189288
960.081	107.532	960.5	106.125	0.419372	-1.40737
1115.52	108.661	1114.37	107.994	-1.15221	-0.666551
1275.11	109.195	1273.75	108.125	-1.36132	-1.0697
1431.95	110.081	1430.88	110.625	-1.07251	0.543717
1588.37	111.511	1586.5	112.117	-1.86534	0.606345
1744.48	112.112	1742.5	112.25	-1.98404	0.137818
84.3566	2105.15	88.5	2103.13	4.14342	-2.02459
218.821	2104.38	222.125	2101.5	3.30389	-2.87557
352.752	2103.84	355.625	2100.5	2.87315	-3.33849
486.826	2103.45	488.625	2100.88	1.79905	-2.57454
620.414	2103	621.756	2100.73	1.34232	-2.26834
754.209	2103.07	754.375	2100.85	0.165779	-2.21732
887.688	2102.96	887.792	2100.87	0.104338	-2.09512
1020.95	2102.88	1020.75	2101	-0.198701	-1.87637
1153.94	2102.87	1152.71	2101.09	-1.23025	-1.77626
1286.97	2103.24	1285.38	2100.75	-1.59617	-2.49378
1419.56	2103.53	1417.13	2100.88	-2.43622	-2.65388
1552.09	2103.71	1548.75	2100.88	-3.33752	-2.83145
1684.13	2104.03	1679.88	2100.63	-4.25215	-3.40516
77.4437	1436.19	81.375	1436.5	3.9313	0.311257
212.484	1436.96	214.5	1437.38	2.01633	0.414057
347.101	1437.3	348.375	1438.13	1.27366	0.821089
482.065	1437.55	481.875	1438.75	-0.190139	1.20374
616.707	1437.89	616.789	1439.21	0.0823299	1.31639
751.507	1438.23	751.125	1439.25	-0.382159	1.01638
885.459	1438.57	885.75	1440.25	0.29138	1.67504
1153.8	1439.79	1155.13	1441	1.32397	1.21307
1287.48	1440.34	1288.88	1441.38	1.39606	1.03808
1421.25	1441.2	1423	1442.13	1.747	0.920798
1554.51	1441.44	1555.39	1441.63	0.887804	0.195732
1687.1	1441.87	1687.41	1442.15	0.310146	0.276632
75.7439	1102.87	79.125	1104	3.38105	1.13283
211.824	1103.54	213.875	1104.13	2.05068	0.58354
346.892	1104.14	347.093	1104.34	0.200922	0.200749
482.186	1104.6	481.875	1104.75	-0.311228	0.149683
617.251	1105.14	616.062	1104.84	-1.18882	-0.295576
751.995	1105.73	751.261	1105.09	-0.734215	-0.645761
886.553	1106.05	886.375	1105.13	-0.177513	-0.922323
1020.84	1106.49	1021.75	1105.38	0.90804	-1.11714
1154.94	1106.75	1155.95	1105.72	1.01331	-1.02616
1288.84	1107	1291.13	1106.5	2.28843	-0.50351
1422.58	1107.43	1423.88	1106.57	1.30334	-0.866825
1556.37	1107.51	1557.38	1106.88	1.00437	-0.630701
1689.79	1107.95	1689.88	1107.5	0.0805142	-0.45148
77.0343	760.102	80.5	762.75	3.46567	2.64834
213.295	760.484	215.622	762.114	2.3271	1.62955
349.049	760.296	350.294	761.901	1.24457	1.60506
484.908	762.035	485.25	762.625	0.341846	0.589547
620.53	762.887	620.307	762.023	-0.22333	-0.863604
755.859	764.074	755.43	762.761	-0.429076	-1.31321
891.059	765.403	890.952	763.704	-0.106862	-1.69896
1025.84	766.622	1026.02	764.743	0.183432	-1.87866
1160.63	768.155	1160.88	767.125	0.245356	-1.0304
1294.82	769.85	1295.63	768.5	0.807347	-1.34958
1429.21	771.657	1429.19	770.501	-0.0186469	-1.15621
1563.23	773.186	1562.8	772.673	-0.425253	-0.512614
1696.97	774.94	1695.88	775	-1.09059	0.0602839
77.2119	422.518	80.004	425.47	2.79212	2.95233
349.956	425.538	352.125	429.125	2.16896	3.58658
486.305	427.286	487.5	430	1.195	2.71388
622.319	428.619	622.75	430.375	0.431101	1.75574
758.02	429.896	758.625	430.75	0.604531	0.853668
893.557	431.142	893.5	431.25	-0.0566553	0.107939
1028.89	432.077	1028.5	432.875	-0.385351	0.797725
1164.07	432.941	1163.88	433.25	-0.190176	0.30862
1299.13	433.777	1298.63	434.625	-0.506573	0.848205
1568.41	435.018	1565.9	437.008	-2.51119	1.99013
1702.65	435.671	1698.75	438.375	-3.89938	2.7038
252.216	2133.42	256.625	2130.25	4.40942	-3.17078
370.167	2132.61	373.23	2129.49	3.06253	-3.11709
487.762	2132.02	490.25	2129.63	2.48763	-2.39693
722.367	2131.79	723.431	2129.58	1.0645	-2.21188
839.36	2132.02	839.75	2130.5	0.389796	-1.51984
956.406	2132.27	956.375	2130.88	-0.0305283	-1.39765
1072.9	2132.53	1072.63	2130.63	-0.279906	-1.90382
172.89	2164.66	177.25	2161.63	4.35986	-3.0311
277.918	2163.72	281.5	2160.75	3.58212	-2.97168
382.753	2163.02	385.75	2160.88	2.99696	-2.14183
487.426	2162.05	489.738	2159.61	2.31161	-2.44804
591.822	2161.67	593.526	2160.27	1.70361	-1.40464
696.287	2161.23	697.625	2159.75	1.33753	-1.48237
800.12	2160.87	800.75	2160	0.6296	-0.869123
251.578	1843.45	254.375	1841.88	2.79731	-1.574
369.587	1843.24	371.5	1841.88	1.91261	-1.36249
487.614	1843.43	488.438	1842.83	0.823541	-0.593823
605.403	1843.65	605	1843.75	-0.40261	0.103601
722.731	1844.11	722.5	1844.75	-0.23117	0.644142
840.203	1844.5	839.75	1845.13	-0.453022	0.621164
957.484	1845.04	956.837	1845.99	-0.647068	0.947253
1074.48	1845.76	1073.59	1846.49	-0.889626	0.729331
1191.18	1846.48	1190.63	1847	-0.549199	0.512579
1307.84	1847.33	1306.63	1848.63	-1.2193	1.29747
1424.31	1848.01	1422.88	1848.5	-1.43494	0.489589
1540.51	1848.92	1538.88	1849	-1.63273	0.0800018
80.294	1770.56	84.25	1769.75	3.95597	-0.810904
214.738	1769.79	218	1769.25	3.26245	-0.544367
349.287	1769.61	350.625	1769.88	1.33805	0.263064
483.793	1769.52	483.625	1770.13	-0.168072	0.603208
618.118	1769.55	617.896	1770.45	-0.222106	0.892473
752.173	1769.68	751.375	1770.75	-0.798079	1.07105
886.104	1769.93	885.75	1771.63	-0.353695	1.69934
1020.03	1770.2	1019.25	1772.75	-0.782267	2.54703
1153.59	1771	1153.38	1772.75	-0.218891	1.75121
1286.78	1771.52	1286.63	1772.38	-0.152275	0.856484
1419.8	1772.19	1418.9	1772.39	-0.902433	0.197234
1552.61	1773.16	1551.02	1772.65	-1.58889	-0.516281
1684.73	1773.77	1682.5	1772.5	-2.23283	-1.27129
249.998	1553	251.75	1553.25	1.75238	0.2462
368.32	1553.33	368.769	1553.92	0.449199	0.589099
486.377	1553.86	486.625	1554.63	0.247609	0.764729
722.488	1554.74	721.625	1556.5	-0.863439	1.75565
840.187	1555.24	839.25	1557	-0.936948	1.7634
1192.11	1556.24	1192.63	1558	0.518102	1.7646
1309.07	1556.49	1309.88	1557.63	0.807291	1.13394
1425.83	1557.04	1426.5	1558	0.665198	0.957994
1542.35	1557.27	1542.25	1557.88	-0.102164	0.600883
248.889	1258.33	250.375	1258.88	1.48568	0.544047
367.467	1258.95	367.625	1259.88	0.15817	0.926735
485.931	1259.49	485.75	1259.75	-0.180835	0.259026
604.139	1259.82	603.5	1260.38	-0.639226	0.553511
722.22	1260.36	721.5	1260.88	-0.72031	0.512378
840.082	1260.69	839.75	1260.75	-0.332049	0.0579795
958.073	1261.31	958	1261.38	-0.0733291	0.0683818
1075.6	1262.56	1076.88	1262.75	1.27243	0.18912
1192.98	1262.6	1194.5	1262.88	1.5195	0.270811
1310.26	1263.36	1312.13	1263.75	1.86633	0.387633
1544.32	1265.01	1545.13	1265	0.804065	-0.0120536
248.642	965.693	250.625	966.5	1.98328	0.807238
367.602	967.066	368.25	967.25	0.648378	0.18446
486.614	968.869	486.75	967.75	0.135903	-1.11866
605.364	969.265	604.875	968.875	-0.488938	-0.389726
723.906	970.043	723.125	969.25	-0.781056	-0.793096
842.357	970.693	842.25	969.5	-0.107204	-1.19313
960.762	971.496	961.062	969.742	0.30021	-1.7542
1078.69	972.139	1078.88	970.625	0.182744	-1.51415
1196.38	972.503	1196.88	970.625	0.497095	-1.8775
1314.21	972.819	1314.75	971.75	0.537919	-1.06869
1431.43	973.218	1432.75	972.25	1.32222	-0.967598
1548.45	973.641	1548.63	972.886	0.181423	-0.755331
249.609	665.857	252.25	668	2.64116	2.14292
368.965	666.731	370.487	668.171	1.52219	1.44007
488.34	667.726	489.089	668.735	0.748988	1.00909
726.622	669.923	726.75	668.875	0.127525	-1.04826
845.471	671.035	845.25	670.5	-0.221142	-0.534837
964.167	671.904	964.875	671.375	0.707596	-0.529285
1082.51	672.887	1083.08	671.404	0.562407	-1.48292
1201.02	673.72	1200.88	672.875	-0.146841	-0.844851
1319.29	674.646	1318.88	673.75	-0.413705	-0.895564
1436.87	675.201	1436.38	675	-0.498948	-0.200856
1554.74	676.64	1553.33	677.156	-1.40971	0.516074
365.435	365.286	368.11	369.574	2.67525	4.28778
485.187	366.063	486.625	370.125	1.43845	4.06219
604.651	367.257	605.5	370.25	0.848659	2.99341
724.132	368.224	724.424	371.038	0.291796	2.8143
843.379	369.49	843.026	371.793	-0.352556	2.3026
962.431	370.76	961.885	372.935	-0.546157	2.17543
1081.3	372.148	1080.63	374.5	-0.673131	2.35206
1199.75	373.455	1198.75	375.25	-1.00277	1.79497
1318.31	374.691	1316.75	376.625	-1.56038	1.93431
1436.32	376.011	1434.38	379.25	-1.94183	3.23879
1554.34	377.314	1551.27	380.12	-3.06802	2.80645
621.09	83.0267	621.375	87.125	0.284706	4.09828
757.277	84.7228	758	88.875	0.72266	4.15225
893.247	86.1234	893.25	90.75	0.00339318	4.6266
1029.3	87.8182	1028.75	91.75	-0.552914	3.93175
1164.46	89.1331	1163.13	93.375	-1.33705	4.24188
1300.07	90.8227	1298.13	94.75	-1.94342	3.92733
1704.28	95.782	1702.5	98.75	-1.78249	2.96796
171.826	1906.47	176	1904.38	4.17409	-2.09195
276.809	1906.01	279.764	1903.86	2.95527	-2.14669
381.975	1905.31	384.125	1904	2.14969	-1.30577
486.764	1905.17	488.5	1904.38	1.73584	-0.791591
591.549	1904.49	592.125	1904.13	0.576472	-0.366073
696.137	1904.29	696.375	1904.25	0.237713	-0.0352926
800.717	1903.92	800.5	1903.75	-0.216531	-0.169926
905.171	1903.63	904.625	1904	-0.546393	0.37281
1009.29	1903.65	1008.29	1905.15	-0.998842	1.49928
1113.36	1903.67	1112.25	1904.25	-1.10708	0.57578
1217.2	1903.42	1216	1903.38	-1.20281	-0.0493588
1320.9	1903.42	1319.5	1902.38	-1.40198	-1.04645
1424.28	1903.39	1422.63	1902.75	-1.65698	-0.642043
1527.76	1903.74	1525.25	1902.38	-2.51323	-1.36784
169.498	1645.76	173.875	1644.63	4.37718	-1.13787
275.015	1646.39	277.625	1646.63	2.60959	0.235582
380.359	1646.64	381.722	1646.83	1.36296	0.195686
590.489	1647.17	590.375	1648.63	-0.113671	1.45172
695.552	1647.37	695.25	1648.63	-0.301872	1.25116
904.94	1647.7	904.25	1650.25	-0.690443	2.55316
1217.65	1647.65	1217.79	1648.84	0.142213	1.19829
1321.66	1647.41	1321.92	1648.69	0.262471	1.28087
1425.52	1647.22	1425.38	1648.25	-0.144681	1.03019
1529.08	1647.51	1528.88	1648.5	-0.208684	0.990807
169.687	1384.16	171.625	1384.75	1.93834	0.591013
275.401	1385.02	277	1385.75	1.59868	0.727956
380.894	1385.34	381.625	1386.38	0.730532	1.03486
486.321	1385.98	485.75	1386.88	-0.570884	0.899228
591.682	1386.54	590.625	1386.75	-1.05688	0.21014
801.797	1386.86	800.75	1388.13	-1.0473	1.26804
906.824	1387.6	906.5	1388.25	-0.323781	0.64757
1116.23	1387.83	1116.5	1388.38	0.269931	0.548997
1220.62	1388.02	1220.75	1388.63	0.133935	0.607809
1324.83	1388.09	1325.75	1388.75	0.919868	0.657415
1428.94	1388.29	1429.5	1388.75	0.560266	0.461373
1533.15	1388.75	1532.96	1388.6	-0.18502	-0.154769
169.131	1119.89	171.875	1120.88	2.74371	0.987216
275.094	1120.53	276.375	1121.63	1.2805	1.09578
380.856	1121.22	381.375	1121.38	0.519085	0.154096
592.219	1122.91	591.25	1122.63	-0.968611	-0.288611
697.659	1124.02	697.125	1123.75	-0.533516	-0.265839
803.202	1124.55	802.75	1123.63	-0.452446	-0.926209
908.294	1125.14	908.25	1124.75	-0.0442228	-0.385488
1013.48	1126.18	1014.25	1125.38	0.767671	-0.808343
1118.23	1126.46	1118.88	1126	0.644175	-0.457125
1222.79	1127.24	1224.13	1126.63	1.335	-0.618827
1327.16	1128.03	1329.13	1127.5	1.96068	-0.529138
1431.1	1127.74	1433.25	1128.13	2.15123	0.389563
1535.36	1129.6	1536.88	1130	1.51466	0.404399
168.911	854.671	171.834	856.152	2.92336	1.48128
382.117	857.464	382.75	858.125	0.63265	0.661235
488.048	858.948	488.5	859.5	0.451897	0.552479
593.931	860.23	593.125	859.75	-0.805931	-0.479637
805.226	862.403	804.75	861.5	-0.4762	-0.902957
910.371	863.505	910.5	862.25	0.129484	-1.25491
1015.51	864.203	1015.75	863.125	0.244127	-1.07781
1120.36	865.059	1121.13	863.875	0.760818	-1.18426
1225.28	865.74	1225.78	865.315	0.496184	-0.42545
1329.92	866.199	1330.13	867.25	0.20707	1.05113
1434.65	866.692	1434.13	868.25	-0.520185	1.55818
1539.17	867.227	1538.5	868.625	-0.671208	1.39797
380.791	325.742	383.5	330.125	2.70929	4.38333
487.438	327.973	489.148	331.816	1.70968	3.84263
593.888	329.471	595.125	333.375	1.23729	3.90442
700.385	331.597	700.625	335	0.240388	3.40327
912.611	334.033	912.433	336.119	-0.178304	2.08555
1018.39	336.022	1017.44	338.112	-0.953844	2.09036
1123.99	337.394	1122.81	340.092	-1.17582	2.69758
1229.5	338.872	1228.13	341.75	-1.37968	2.87817
1334.86	339.9	1332.75	342.5	-2.10952	2.59964
1440.05	341.168	1437.5	344	-2.55096	2.8324
1545.32	342.617	1542.75	346.375	-2.57162	3.7581
904.19	2160.59	904.086	2159.1	-0.103759	-1.48638
1008.28	2160.79	1007.38	2158.88	-0.903904	-1.91081
1112.01	2160.82	1111	2160	-1.00505	-0.824793
1215.64	2160.7	1213.38	2159.38	-2.26637	-1.32634
1422.41	2161.73	1419.88	2159	-2.53836	-2.726
1525.43	2162.48	1522.32	2158.43	-3.10499	-4.05475
1011.52	1387.53	1010.88	1389.13	-0.641019	1.59634
275.716	856.192	277.616	857.463	1.8996	1.27093
274.107	324.436	276.877	328.267	2.77012	3.83092
166.924	322.051	170.214	326	3.29015	3.94915
245.65	364.307	248.359	368.611	2.70917	4.30357
607.633	668.96	607.625	669.375	-0.00827997	0.414958
604.698	1554.34	603.769	1555.42	-0.9287	1.07359
73.7332	76.7219	70.345	74.958	-3.38823	-1.76388
210.756	78.5809	210.18	79.356	-0.576131	0.775084
213.744	424.206	216.25	427.125	2.50558	2.91892
1433.88	434.54	1432	436	-1.88017	1.45981
1189.14	2132.88	1188.38	2131.5	-0.767516	-1.37744
1537.26	2134.48	1533.99	2130.82	-3.27041	-3.65931
292.431	125.274	293.25	132	0.819367	6.72635
671.464	129.896	672	139.375	0.535916	9.47897
1983.73	142.458	1983.83	154.46	0.0970485	12.002
